2 2
hypothesis model
0.364187 0.635813 
0.958681 0.041319 
0.722867 0.277133 
0.894640 0.105360 
0.552284 0.447716 
---
2 2
hypothesis model
0.354656 0.645344 
0.595560 0.404440 
0.319428 0.680572 
0.548594 0.451406 
0.305547 0.694453 
---
2 2
hypothesis model
0.476701 0.523299 
0.639034 0.360966 
0.400062 0.599938 
0.998774 0.001226 
0.525047 0.474953 
---
2 2
hypothesis model
0.282221 0.717779 
0.565900 0.434100 
0.604952 0.395048 
0.539125 0.460875 
0.504355 0.495645 
---
2 2
hypothesis model
0.474520 0.525480 
0.189328 0.810672 
0.322096 0.677904 
0.768388 0.231612 
0.255563 0.744437 
---
2 2
hypothesis model
0.566425 0.433575 
0.581318 0.418682 
0.210255 0.789745 
0.402993 0.597007 
0.625848 0.374152 
---
2 2
hypothesis model
0.671124 0.328876 
0.432166 0.567834 
0.305109 0.694891 
0.508386 0.491614 
0.587976 0.412024 
---
2 2
hypothesis model
0.250897 0.749103 
0.438795 0.561205 
0.074915 0.925085 
0.344850 0.655150 
0.655033 0.344967 
---
2 2
hypothesis model
0.580773 0.419227 
0.243510 0.756490 
0.236293 0.763707 
0.452174 0.547826 
0.509147 0.490853 
---
2 2
hypothesis model
0.265331 0.734669 
0.048498 0.951502 
0.852957 0.147043 
0.569424 0.430576 
0.061380 0.938620 
---
2 2
hypothesis model
0.206155 0.793845 
0.540662 0.459338 
0.884152 0.115848 
0.496393 0.503607 
0.465901 0.534099 
---
2 2
hypothesis model
0.578043 0.421957 
0.407501 0.592499 
0.584285 0.415715 
0.724021 0.275979 
0.397470 0.602530 
---
2 2
hypothesis model
0.822201 0.177799 
0.443503 0.556497 
0.416411 0.583589 
0.980171 0.019829 
0.958156 0.041844 
---
2 2
hypothesis model
0.253589 0.746411 
0.492463 0.507537 
0.911801 0.088199 
0.528290 0.471710 
0.701742 0.298258 
---
2 2
hypothesis model
0.931693 0.068307 
0.171841 0.828159 
0.370844 0.629156 
0.264174 0.735826 
0.302084 0.697916 
---
2 2
hypothesis model
0.914500 0.085500 
0.151833 0.848167 
0.728220 0.271780 
0.013215 0.986785 
0.287623 0.712377 
---
2 2
hypothesis model
0.901419 0.098581 
0.118758 0.881242 
0.905092 0.094908 
0.583687 0.416313 
0.575715 0.424285 
---
2 2
hypothesis model
0.467475 0.532525 
0.956154 0.043846 
0.940588 0.059412 
0.475445 0.524555 
0.874011 0.125989 
---
2 2
hypothesis model
0.718207 0.281793 
0.206781 0.793219 
0.641825 0.358175 
0.818630 0.181370 
0.167238 0.832762 
---
2 2
hypothesis model
0.085966 0.914034 
0.631610 0.368390 
0.790816 0.209184 
0.387079 0.612921 
0.909487 0.090513 
---
2 2
hypothesis model
0.630823 0.369177 
0.217204 0.782796 
0.407924 0.592076 
0.563389 0.436611 
0.818369 0.181631 
---
2 2
hypothesis model
0.376243 0.623757 
0.489455 0.510545 
0.503819 0.496181 
0.500970 0.499030 
0.106425 0.893575 
---
2 2
hypothesis model
0.774128 0.225872 
0.636976 0.363024 
0.409941 0.590059 
0.481878 0.518122 
0.287213 0.712787 
---
2 2
hypothesis model
0.456785 0.543215 
0.721120 0.278880 
0.531892 0.468108 
0.649930 0.350070 
0.239496 0.760504 
---
2 2
hypothesis model
0.714758 0.285242 
0.346939 0.653061 
0.801256 0.198744 
0.428858 0.571142 
0.687105 0.312895 
---
2 2
hypothesis model
0.518866 0.481134 
0.677688 0.322312 
0.788506 0.211494 
0.064004 0.935996 
0.813637 0.186363 
---
2 2
hypothesis model
0.559180 0.440820 
0.924142 0.075858 
0.720481 0.279519 
0.473861 0.526139 
0.912493 0.087507 
---
2 2
hypothesis model
0.683213 0.316787 
0.981732 0.018268 
0.095063 0.904937 
0.295074 0.704926 
0.147109 0.852891 
---
2 2
hypothesis model
0.723130 0.276870 
0.357784 0.642216 
0.984796 0.015204 
0.495674 0.504326 
0.380400 0.619600 
---
2 2
hypothesis model
0.637911 0.362089 
0.559054 0.440946 
0.456182 0.543818 
0.786199 0.213801 
0.357745 0.642255 
---
2 2
hypothesis model
0.450305 0.549695 
0.548446 0.451554 
0.335859 0.664141 
0.696943 0.303057 
0.477065 0.522935 
---
2 2
hypothesis model
0.482376 0.517624 
0.235763 0.764237 
0.173224 0.826776 
0.471046 0.528954 
0.712278 0.287722 
---
2 2
hypothesis model
0.538676 0.461324 
0.702066 0.297934 
0.677611 0.322389 
0.957068 0.042932 
0.642542 0.357458 
---
2 2
hypothesis model
0.574242 0.425758 
0.854959 0.145041 
0.620774 0.379226 
0.376527 0.623473 
0.800487 0.199513 
---
2 2
hypothesis model
0.374936 0.625064 
0.505908 0.494092 
0.778512 0.221488 
0.862962 0.137038 
0.059689 0.940311 
---
2 2
hypothesis model
0.747092 0.252908 
0.736540 0.263460 
0.039671 0.960329 
0.217882 0.782118 
0.519638 0.480362 
---
2 2
hypothesis model
0.137526 0.862474 
0.346402 0.653598 
0.827971 0.172029 
0.517176 0.482824 
0.501574 0.498426 
---
2 2
hypothesis model
0.874415 0.125585 
0.208240 0.791760 
0.326803 0.673197 
0.138997 0.861003 
0.924084 0.075916 
---
2 2
hypothesis model
0.003852 0.996148 
0.943647 0.056353 
0.216920 0.783080 
0.574452 0.425548 
0.752065 0.247935 
---
2 2
hypothesis model
0.443407 0.556593 
0.742969 0.257031 
0.506969 0.493031 
0.238384 0.761616 
0.904016 0.095984 
---
2 2
hypothesis model
0.609009 0.390991 
0.347113 0.652887 
0.511121 0.488879 
0.358268 0.641732 
0.890600 0.109400 
---
2 2
hypothesis model
0.314358 0.685642 
0.243623 0.756377 
0.579469 0.420531 
0.690566 0.309434 
0.929510 0.070490 
---
2 2
hypothesis model
0.703418 0.296582 
0.419096 0.580904 
0.096447 0.903553 
0.722890 0.277110 
0.435422 0.564578 
---
2 2
hypothesis model
0.411238 0.588762 
0.354779 0.645221 
0.252354 0.747646 
0.548446 0.451554 
0.121114 0.878886 
---
2 2
hypothesis model
0.205412 0.794588 
0.041735 0.958265 
0.466544 0.533456 
0.214888 0.785112 
0.845403 0.154597 
---
2 2
hypothesis model
0.454911 0.545089 
0.042423 0.957577 
0.633823 0.366177 
0.866268 0.133732 
0.329415 0.670585 
---
2 2
hypothesis model
0.727555 0.272445 
0.254459 0.745541 
0.821254 0.178746 
0.540493 0.459507 
0.555836 0.444164 
---
2 2
hypothesis model
0.886647 0.113353 
0.334107 0.665893 
0.880463 0.119537 
0.558143 0.441857 
0.042868 0.957132 
---
2 2
hypothesis model
0.151392 0.848608 
0.497399 0.502601 
0.502804 0.497196 
0.781014 0.218986 
0.826102 0.173898 
---
2 2
hypothesis model
0.854562 0.145438 
0.199994 0.800006 
0.497993 0.502007 
0.535125 0.464875 
0.823923 0.176077 
---
2 2
hypothesis model
0.106838 0.893162 
0.535669 0.464331 
0.143253 0.856747 
0.351375 0.648625 
0.080456 0.919544 
---
2 2
hypothesis model
0.259407 0.740593 
0.393177 0.606823 
0.501694 0.498306 
0.954812 0.045188 
0.554910 0.445090 
---
2 2
hypothesis model
0.151560 0.848440 
0.795141 0.204859 
0.494902 0.505098 
0.358202 0.641798 
0.231454 0.768546 
---
2 2
hypothesis model
0.122779 0.877221 
0.443568 0.556432 
0.350286 0.649714 
0.174357 0.825643 
0.558211 0.441789 
---
2 2
hypothesis model
0.736563 0.263437 
0.618602 0.381398 
0.054417 0.945583 
0.597485 0.402515 
0.308516 0.691484 
---
2 2
hypothesis model
0.505837 0.494163 
0.489811 0.510189 
0.477114 0.522886 
0.515122 0.484878 
0.492771 0.507229 
---
2 2
hypothesis model
0.524444 0.475556 
0.648296 0.351704 
0.947177 0.052823 
0.599717 0.400283 
0.810155 0.189845 
---
2 2
hypothesis model
0.236726 0.763274 
0.425211 0.574789 
0.331717 0.668283 
0.985126 0.014874 
0.542739 0.457261 
---
2 2
hypothesis model
0.446647 0.553353 
0.525752 0.474248 
0.520681 0.479319 
0.612382 0.387618 
0.419897 0.580103 
---
2 2
hypothesis model
0.684206 0.315794 
0.982346 0.017654 
0.435374 0.564626 
0.049855 0.950145 
0.448513 0.551487 
---
2 2
hypothesis model
0.361151 0.638849 
0.601470 0.398530 
0.006054 0.993946 
0.514392 0.485608 
0.479846 0.520154 
---
2 2
hypothesis model
0.656616 0.343384 
0.479249 0.520751 
0.199297 0.800703 
0.334564 0.665436 
0.531226 0.468774 
---
2 2
hypothesis model
0.691812 0.308188 
0.167259 0.832741 
0.204325 0.795675 
0.759889 0.240111 
0.573213 0.426787 
---
2 2
hypothesis model
0.701895 0.298105 
0.654157 0.345843 
0.468269 0.531731 
0.193156 0.806844 
0.407705 0.592295 
---
2 2
hypothesis model
0.318095 0.681905 
0.464298 0.535702 
0.476995 0.523005 
0.574042 0.425958 
0.719331 0.280669 
---
2 2
hypothesis model
0.922990 0.077010 
0.652361 0.347639 
0.139440 0.860560 
0.171941 0.828059 
0.050351 0.949649 
---
2 2
hypothesis model
0.356757 0.643243 
0.480020 0.519980 
0.326132 0.673868 
0.153813 0.846187 
0.422273 0.577727 
---
2 2
hypothesis model
0.231788 0.768212 
0.809498 0.190502 
0.518734 0.481266 
0.067612 0.932388 
0.495533 0.504467 
---
2 2
hypothesis model
0.278787 0.721213 
0.088105 0.911895 
0.530386 0.469614 
0.575820 0.424180 
0.230334 0.769666 
---
2 2
hypothesis model
0.816590 0.183410 
0.578151 0.421849 
0.857943 0.142057 
0.322690 0.677310 
0.436428 0.563572 
---
2 2
hypothesis model
0.308105 0.691895 
0.615606 0.384394 
0.511020 0.488980 
0.026572 0.973428 
0.256306 0.743694 
---
2 2
hypothesis model
0.469294 0.530706 
0.703147 0.296853 
0.931786 0.068214 
0.353504 0.646496 
0.388521 0.611479 
---
2 2
hypothesis model
0.410316 0.589684 
0.546671 0.453329 
0.442117 0.557883 
0.396747 0.603253 
0.568219 0.431781 
---
2 2
hypothesis model
0.385737 0.614263 
0.509258 0.490742 
0.337720 0.662280 
0.645918 0.354082 
0.064788 0.935212 
---
2 2
hypothesis model
0.640357 0.359643 
0.997610 0.002390 
0.420257 0.579743 
0.131566 0.868434 
0.645242 0.354758 
---
2 2
hypothesis model
0.388903 0.611097 
0.412040 0.587960 
0.674884 0.325116 
0.673399 0.326601 
0.075207 0.924793 
---
2 2
hypothesis model
0.506326 0.493674 
0.467055 0.532945 
0.465668 0.534332 
0.402200 0.597800 
0.421849 0.578151 
---
2 2
hypothesis model
0.135368 0.864632 
0.896074 0.103926 
0.540267 0.459733 
0.009766 0.990234 
0.431446 0.568554 
---
2 2
hypothesis model
0.179342 0.820658 
0.591302 0.408698 
0.786468 0.213532 
0.614106 0.385894 
0.400161 0.599839 
---
2 2
hypothesis model
0.486135 0.513865 
0.335221 0.664779 
0.608559 0.391441 
0.850094 0.149906 
0.299527 0.700473 
---
2 2
hypothesis model
0.861661 0.138339 
0.632167 0.367833 
0.657857 0.342143 
0.548735 0.451265 
0.024851 0.975149 
---
2 2
hypothesis model
0.507519 0.492481 
0.671696 0.328304 
0.685671 0.314329 
0.792579 0.207421 
0.412254 0.587746 
---
2 2
hypothesis model
0.704758 0.295242 
0.734450 0.265550 
0.564888 0.435112 
0.552170 0.447830 
0.446499 0.553501 
---
2 2
hypothesis model
0.361803 0.638197 
0.441773 0.558227 
0.695095 0.304905 
0.150971 0.849029 
0.522969 0.477031 
---
2 2
hypothesis model
0.318541 0.681459 
0.262078 0.737922 
0.042553 0.957447 
0.702032 0.297968 
0.569024 0.430976 
---
2 2
hypothesis model
0.474073 0.525927 
0.764295 0.235705 
0.869448 0.130552 
0.490523 0.509477 
0.660105 0.339895 
---
2 2
hypothesis model
0.418782 0.581218 
0.818473 0.181527 
0.380956 0.619044 
0.505457 0.494543 
0.391550 0.608450 
---
2 2
hypothesis model
0.480837 0.519163 
0.387831 0.612169 
0.539372 0.460628 
0.475783 0.524217 
0.128884 0.871116 
---
2 2
hypothesis model
0.619912 0.380088 
0.126320 0.873680 
0.898683 0.101317 
0.831882 0.168118 
0.531778 0.468222 
---
2 2
hypothesis model
0.457091 0.542909 
0.488480 0.511520 
0.422967 0.577033 
0.931094 0.068906 
0.361924 0.638076 
---
2 2
hypothesis model
0.226483 0.773517 
0.494975 0.505025 
0.836103 0.163897 
0.116154 0.883846 
0.861145 0.138855 
---
2 2
hypothesis model
0.444906 0.555094 
0.731725 0.268275 
0.648489 0.351511 
0.205854 0.794146 
0.943572 0.056428 
---
2 2
hypothesis model
0.413059 0.586941 
0.277128 0.722872 
0.123078 0.876922 
0.874459 0.125541 
0.511333 0.488667 
---
2 2
hypothesis model
0.455841 0.544159 
0.477151 0.522849 
0.190294 0.809706 
0.339793 0.660207 
0.863449 0.136551 
---
2 2
hypothesis model
0.497839 0.502161 
0.264046 0.735954 
0.646445 0.353555 
0.506052 0.493948 
0.662264 0.337736 
---
2 2
hypothesis model
0.412857 0.587143 
0.749835 0.250165 
0.921791 0.078209 
0.262085 0.737915 
0.508970 0.491030 
---
2 2
hypothesis model
0.517806 0.482194 
0.714552 0.285448 
0.845850 0.154150 
0.184113 0.815887 
0.393579 0.606421 
---
2 2
hypothesis model
0.561792 0.438208 
0.336015 0.663985 
0.485278 0.514722 
0.451299 0.548701 
0.444889 0.555111 
---
2 2
hypothesis model
0.303512 0.696488 
0.512667 0.487333 
0.010927 0.989073 
0.809602 0.190398 
0.808582 0.191418 
---
2 2
hypothesis model
0.201045 0.798955 
0.718341 0.281659 
0.348925 0.651075 
0.501835 0.498165 
0.248021 0.751979 
---
