2 3
hypothesis model
0.262127 0.737873 
0.395220 0.604780 
0.513242 0.486758 
0.337585 0.425945 0.236469 
0.560831 0.317036 0.122133 
---
2 3
hypothesis model
0.311081 0.688919 
0.281470 0.718530 
0.152551 0.847449 
0.315512 0.344670 0.339818 
0.606176 0.086808 0.307016 
---
2 3
hypothesis model
0.537920 0.462080 
0.430849 0.569151 
0.073194 0.926806 
0.169673 0.377530 0.452797 
0.360163 0.060290 0.579547 
---
2 3
hypothesis model
0.751048 0.248952 
0.686792 0.313208 
0.664681 0.335319 
0.368374 0.609161 0.022465 
0.461539 0.438730 0.099732 
---
2 3
hypothesis model
0.662516 0.337484 
0.663970 0.336030 
0.561197 0.438803 
0.513010 0.179425 0.307564 
0.375794 0.177549 0.446656 
---
2 3
hypothesis model
0.423125 0.576875 
0.670453 0.329547 
0.231776 0.768224 
0.203648 0.415200 0.381151 
0.242120 0.260176 0.497705 
---
2 3
hypothesis model
0.265116 0.734884 
0.445479 0.554521 
0.647332 0.352668 
0.373550 0.310247 0.316202 
0.414285 0.050854 0.534861 
---
2 3
hypothesis model
0.112988 0.887012 
0.587651 0.412349 
0.432877 0.567123 
0.039818 0.614860 0.345322 
0.032186 0.392805 0.575009 
---
2 3
hypothesis model
0.626829 0.373171 
0.315304 0.684696 
0.106603 0.893397 
0.280585 0.387437 0.331978 
0.091849 0.429828 0.478322 
---
2 3
hypothesis model
0.548036 0.451964 
0.420724 0.579276 
0.746784 0.253216 
0.473233 0.053825 0.472942 
0.529677 0.439745 0.030578 
---
2 3
hypothesis model
0.275809 0.724191 
0.663882 0.336118 
0.753191 0.246809 
0.490902 0.469895 0.039202 
0.283529 0.603375 0.113097 
---
2 3
hypothesis model
0.676361 0.323639 
0.532100 0.467900 
0.603254 0.396746 
0.274123 0.073153 0.652724 
0.356352 0.271015 0.372633 
---
2 3
hypothesis model
0.059984 0.940016 
0.447897 0.552103 
0.420082 0.579918 
0.644760 0.201364 0.153876 
0.500486 0.475092 0.024422 
---
2 3
hypothesis model
0.590344 0.409656 
0.887466 0.112534 
0.131476 0.868524 
0.329552 0.334201 0.336247 
0.180264 0.085476 0.734260 
---
2 3
hypothesis model
0.705333 0.294667 
0.804500 0.195500 
0.759106 0.240894 
0.356755 0.327019 0.316226 
0.215966 0.263926 0.520108 
---
2 3
hypothesis model
0.608378 0.391622 
0.178448 0.821552 
0.097084 0.902916 
0.036293 0.175828 0.787879 
0.005530 0.253655 0.740815 
---
2 3
hypothesis model
0.374720 0.625280 
0.338188 0.661812 
0.807391 0.192609 
0.532643 0.165693 0.301664 
0.476133 0.283025 0.240842 
---
2 3
hypothesis model
0.661478 0.338522 
0.138864 0.861136 
0.520623 0.479377 
0.356698 0.210298 0.433004 
0.665275 0.302408 0.032317 
---
2 3
hypothesis model
0.561039 0.438961 
0.244772 0.755228 
0.511451 0.488549 
0.503405 0.460016 0.036579 
0.267212 0.294257 0.438531 
---
2 3
hypothesis model
0.705555 0.294445 
0.306733 0.693267 
0.392273 0.607727 
0.314026 0.265485 0.420489 
0.455037 0.223943 0.321020 
---
2 3
hypothesis model
0.406551 0.593449 
0.069167 0.930833 
0.262637 0.737363 
0.278436 0.076601 0.644964 
0.343254 0.403350 0.253396 
---
2 3
hypothesis model
0.799238 0.200762 
0.883787 0.116213 
0.634125 0.365875 
0.444079 0.128941 0.426980 
0.570210 0.277288 0.152502 
---
2 3
hypothesis model
0.783582 0.216418 
0.615776 0.384224 
0.806769 0.193231 
0.100659 0.435914 0.463427 
0.080101 0.519718 0.400181 
---
2 3
hypothesis model
0.161853 0.838147 
0.553382 0.446618 
0.654628 0.345372 
0.006405 0.616034 0.377561 
0.432015 0.505030 0.062954 
---
2 3
hypothesis model
0.804451 0.195549 
0.927061 0.072939 
0.497456 0.502544 
0.371888 0.600335 0.027777 
0.061968 0.472946 0.465086 
---
2 3
hypothesis model
0.548741 0.451259 
0.322294 0.677706 
0.641550 0.358450 
0.241935 0.562319 0.195747 
0.077463 0.801920 0.120617 
---
2 3
hypothesis model
0.329102 0.670898 
0.484111 0.515889 
0.176921 0.823079 
0.074263 0.302220 0.623516 
0.325827 0.266675 0.407499 
---
2 3
hypothesis model
0.743517 0.256483 
0.151777 0.848223 
0.927599 0.072401 
0.512118 0.259346 0.228536 
0.352337 0.470161 0.177502 
---
2 3
hypothesis model
0.531726 0.468274 
0.617328 0.382672 
0.383361 0.616639 
0.083143 0.426553 0.490304 
0.065800 0.863157 0.071043 
---
2 3
hypothesis model
0.540624 0.459376 
0.387895 0.612105 
0.260844 0.739156 
0.177692 0.463934 0.358374 
0.192419 0.624391 0.183190 
---
2 3
hypothesis model
0.883123 0.116877 
0.470470 0.529530 
0.026243 0.973757 
0.365868 0.349050 0.285082 
0.010162 0.476830 0.513008 
---
2 3
hypothesis model
0.416961 0.583039 
0.651869 0.348131 
0.207660 0.792340 
0.575722 0.060729 0.363549 
0.407315 0.326101 0.266584 
---
2 3
hypothesis model
0.220766 0.779234 
0.565789 0.434211 
0.601405 0.398595 
0.287569 0.401029 0.311401 
0.603248 0.073668 0.323085 
---
2 3
hypothesis model
0.310079 0.689921 
0.239509 0.760491 
0.817788 0.182212 
0.536849 0.297320 0.165831 
0.341428 0.453850 0.204722 
---
2 3
hypothesis model
0.431227 0.568773 
0.500635 0.499365 
0.610809 0.389191 
0.033774 0.872985 0.093241 
0.355636 0.110650 0.533713 
---
2 3
hypothesis model
0.602163 0.397837 
0.525308 0.474692 
0.916310 0.083690 
0.318529 0.671860 0.009611 
0.500097 0.496735 0.003168 
---
2 3
hypothesis model
0.156024 0.843976 
0.810861 0.189139 
0.351669 0.648331 
0.301053 0.232849 0.466099 
0.005038 0.899311 0.095651 
---
2 3
hypothesis model
0.459204 0.540796 
0.070429 0.929571 
0.608428 0.391572 
0.353409 0.302575 0.344016 
0.286396 0.190971 0.522633 
---
2 3
hypothesis model
0.419036 0.580964 
0.518886 0.481114 
0.550445 0.449555 
0.396973 0.070827 0.532200 
0.296594 0.659372 0.044034 
---
2 3
hypothesis model
0.422022 0.577978 
0.527639 0.472361 
0.710371 0.289629 
0.291139 0.568837 0.140023 
0.464489 0.192786 0.342725 
---
2 3
hypothesis model
0.957345 0.042655 
0.834852 0.165148 
0.587767 0.412233 
0.070915 0.464660 0.464425 
0.541792 0.337145 0.121063 
---
2 3
hypothesis model
0.472950 0.527050 
0.266545 0.733455 
0.225894 0.774106 
0.442546 0.405459 0.151994 
0.627053 0.272132 0.100816 
---
2 3
hypothesis model
0.189911 0.810089 
0.568113 0.431887 
0.268758 0.731242 
0.061426 0.374733 0.563841 
0.462239 0.387337 0.150424 
---
2 3
hypothesis model
0.227596 0.772404 
0.639893 0.360107 
0.511371 0.488629 
0.169902 0.404295 0.425803 
0.299433 0.234154 0.466412 
---
2 3
hypothesis model
0.401689 0.598311 
0.641658 0.358342 
0.374322 0.625678 
0.238559 0.611117 0.150324 
0.258148 0.511565 0.230287 
---
2 3
hypothesis model
0.654628 0.345372 
0.659437 0.340563 
0.487609 0.512391 
0.322038 0.383085 0.294877 
0.051122 0.150121 0.798757 
---
2 3
hypothesis model
0.453164 0.546836 
0.258382 0.741618 
0.612033 0.387967 
0.290516 0.000682 0.708801 
0.637765 0.227391 0.134844 
---
2 3
hypothesis model
0.497244 0.502756 
0.103399 0.896601 
0.577494 0.422506 
0.063081 0.479102 0.457817 
0.006453 0.819875 0.173672 
---
2 3
hypothesis model
0.701263 0.298737 
0.246189 0.753811 
0.760950 0.239050 
0.456083 0.249080 0.294837 
0.082656 0.578668 0.338676 
---
2 3
hypothesis model
0.468796 0.531204 
0.519483 0.480517 
0.192489 0.807511 
0.350776 0.372868 0.276356 
0.422450 0.284699 0.292852 
---
2 3
hypothesis model
0.416480 0.583520 
0.808905 0.191095 
0.940825 0.059175 
0.152374 0.277463 0.570163 
0.199429 0.470823 0.329747 
---
2 3
hypothesis model
0.871998 0.128002 
0.394147 0.605853 
0.227806 0.772194 
0.403480 0.368610 0.227909 
0.301195 0.220856 0.477948 
---
2 3
hypothesis model
0.472889 0.527111 
0.341391 0.658609 
0.973764 0.026236 
0.314286 0.267498 0.418216 
0.441064 0.345786 0.213149 
---
2 3
hypothesis model
0.331608 0.668392 
0.620240 0.379760 
0.056921 0.943079 
0.044116 0.552858 0.403026 
0.136553 0.550983 0.312464 
---
2 3
hypothesis model
0.884118 0.115882 
0.273658 0.726342 
0.294668 0.705332 
0.311776 0.319671 0.368553 
0.065771 0.447667 0.486562 
---
2 3
hypothesis model
0.299815 0.700185 
0.571986 0.428014 
0.573413 0.426587 
0.845806 0.108831 0.045363 
0.515173 0.415537 0.069289 
---
2 3
hypothesis model
0.290111 0.709889 
0.507353 0.492647 
0.526900 0.473100 
0.268409 0.216806 0.514786 
0.390083 0.089028 0.520889 
---
2 3
hypothesis model
0.001227 0.998773 
0.956381 0.043619 
0.985781 0.014219 
0.386271 0.597496 0.016233 
0.321248 0.365053 0.313699 
---
2 3
hypothesis model
0.508662 0.491338 
0.928351 0.071649 
0.581580 0.418420 
0.092087 0.375915 0.531998 
0.479092 0.176506 0.344402 
---
2 3
hypothesis model
0.734035 0.265965 
0.787683 0.212317 
0.847536 0.152464 
0.068080 0.395057 0.536863 
0.317833 0.335638 0.346529 
---
2 3
hypothesis model
0.973034 0.026966 
0.477381 0.522619 
0.774267 0.225733 
0.101672 0.423007 0.475320 
0.449834 0.430426 0.119740 
---
2 3
hypothesis model
0.385602 0.614398 
0.460062 0.539938 
0.849124 0.150876 
0.311512 0.289910 0.398578 
0.367682 0.571688 0.060630 
---
2 3
hypothesis model
0.472233 0.527767 
0.637075 0.362925 
0.637345 0.362655 
0.029443 0.163211 0.807346 
0.361301 0.446383 0.192317 
---
2 3
hypothesis model
0.634074 0.365926 
0.137967 0.862033 
0.454099 0.545901 
0.332436 0.328814 0.338750 
0.301722 0.352660 0.345619 
---
2 3
hypothesis model
0.919792 0.080208 
0.391854 0.608146 
0.205922 0.794078 
0.480311 0.379326 0.140363 
0.391923 0.039373 0.568703 
---
2 3
hypothesis model
0.824409 0.175591 
0.730541 0.269459 
0.530418 0.469582 
0.394924 0.295867 0.309209 
0.600467 0.154951 0.244582 
---
2 3
hypothesis model
0.450701 0.549299 
0.266313 0.733687 
0.844486 0.155514 
0.270894 0.402742 0.326364 
0.055907 0.420746 0.523347 
---
2 3
hypothesis model
0.523404 0.476596 
0.420219 0.579781 
0.020648 0.979352 
0.222360 0.452016 0.325624 
0.406268 0.215356 0.378377 
---
2 3
hypothesis model
0.104162 0.895838 
0.682768 0.317232 
0.359358 0.640642 
0.689329 0.246041 0.064630 
0.315783 0.328713 0.355504 
---
2 3
hypothesis model
0.900988 0.099012 
0.532132 0.467868 
0.531793 0.468207 
0.941684 0.017092 0.041225 
0.074508 0.876679 0.048813 
---
2 3
hypothesis model
0.219788 0.780212 
0.834142 0.165858 
0.246674 0.753326 
0.308261 0.125009 0.566730 
0.145113 0.552415 0.302472 
---
2 3
hypothesis model
0.535977 0.464023 
0.836756 0.163244 
0.052298 0.947702 
0.085986 0.074617 0.839397 
0.409404 0.359500 0.231096 
---
2 3
hypothesis model
0.397416 0.602584 
0.508391 0.491609 
0.692056 0.307944 
0.608223 0.090592 0.301185 
0.337240 0.195438 0.467322 
---
2 3
hypothesis model
0.912322 0.087678 
0.788497 0.211503 
0.737185 0.262815 
0.276827 0.481782 0.241391 
0.415207 0.396747 0.188046 
---
2 3
hypothesis model
0.509277 0.490723 
0.596312 0.403688 
0.063072 0.936928 
0.395460 0.237387 0.367152 
0.513169 0.105318 0.381513 
---
2 3
hypothesis model
0.717902 0.282098 
0.997047 0.002953 
0.156397 0.843603 
0.392800 0.365604 0.241595 
0.293758 0.570631 0.135611 
---
2 3
hypothesis model
0.341851 0.658149 
0.214717 0.785283 
0.209646 0.790354 
0.451531 0.537584 0.010885 
0.573683 0.178432 0.247884 
---
2 3
hypothesis model
0.529150 0.470850 
0.633065 0.366935 
0.384116 0.615884 
0.576093 0.116116 0.307792 
0.187900 0.178819 0.633281 
---
2 3
hypothesis model
0.444017 0.555983 
0.257732 0.742268 
0.160966 0.839034 
0.297443 0.603490 0.099068 
0.248773 0.532912 0.218315 
---
2 3
hypothesis model
0.820588 0.179412 
0.134864 0.865136 
0.865459 0.134541 
0.744449 0.188027 0.067524 
0.072821 0.458717 0.468462 
---
2 3
hypothesis model
0.417227 0.582773 
0.815622 0.184378 
0.294802 0.705198 
0.482017 0.129322 0.388661 
0.398803 0.224557 0.376640 
---
2 3
hypothesis model
0.320937 0.679063 
0.425557 0.574443 
0.356085 0.643915 
0.149982 0.785642 0.064376 
0.195105 0.151778 0.653117 
---
2 3
hypothesis model
0.425561 0.574439 
0.699971 0.300029 
0.722117 0.277883 
0.470873 0.275426 0.253701 
0.240866 0.341049 0.418085 
---
2 3
hypothesis model
0.504240 0.495760 
0.565478 0.434522 
0.743289 0.256711 
0.345535 0.503901 0.150564 
0.545633 0.187778 0.266589 
---
2 3
hypothesis model
0.681160 0.318840 
0.255312 0.744688 
0.661935 0.338065 
0.101116 0.446830 0.452054 
0.030318 0.304774 0.664908 
---
2 3
hypothesis model
0.466537 0.533463 
0.196382 0.803618 
0.420077 0.579923 
0.376053 0.573089 0.050858 
0.443214 0.494706 0.062080 
---
2 3
hypothesis model
0.927483 0.072517 
0.403535 0.596465 
0.465016 0.534984 
0.358381 0.270529 0.371090 
0.386739 0.541394 0.071866 
---
2 3
hypothesis model
0.481292 0.518708 
0.085390 0.914610 
0.206335 0.793665 
0.398149 0.257625 0.344226 
0.732296 0.146957 0.120747 
---
2 3
hypothesis model
0.565423 0.434577 
0.567626 0.432374 
0.227239 0.772761 
0.383702 0.459098 0.157200 
0.284430 0.603447 0.112122 
---
2 3
hypothesis model
0.501811 0.498189 
0.367982 0.632018 
0.728486 0.271514 
0.425952 0.387947 0.186101 
0.025131 0.590800 0.384069 
---
2 3
hypothesis model
0.568719 0.431281 
0.483702 0.516298 
0.725956 0.274044 
0.074000 0.495153 0.430846 
0.031296 0.383898 0.584806 
---
2 3
hypothesis model
0.448796 0.551204 
0.511277 0.488723 
0.528531 0.471469 
0.452979 0.072229 0.474792 
0.182374 0.429721 0.387905 
---
2 3
hypothesis model
0.574184 0.425816 
0.815568 0.184432 
0.637096 0.362904 
0.330789 0.194763 0.474448 
0.487276 0.315050 0.197674 
---
2 3
hypothesis model
0.541365 0.458635 
0.225032 0.774968 
0.443346 0.556654 
0.760430 0.082835 0.156735 
0.108831 0.438142 0.453026 
---
2 3
hypothesis model
0.045972 0.954028 
0.536312 0.463688 
0.142261 0.857739 
0.289912 0.358553 0.351535 
0.340746 0.059772 0.599482 
---
2 3
hypothesis model
0.893765 0.106235 
0.911605 0.088395 
0.373118 0.626882 
0.459029 0.201181 0.339789 
0.230806 0.338598 0.430597 
---
2 3
hypothesis model
0.054057 0.945943 
0.776774 0.223226 
0.254318 0.745682 
0.140423 0.173969 0.685609 
0.043872 0.605605 0.350523 
---
2 3
hypothesis model
0.582712 0.417288 
0.333242 0.666758 
0.249876 0.750124 
0.591470 0.164412 0.244118 
0.063221 0.237914 0.698865 
---
2 3
hypothesis model
0.333397 0.666603 
0.474517 0.525483 
0.667903 0.332097 
0.549785 0.081602 0.368612 
0.348479 0.214075 0.437446 
---
2 3
hypothesis model
0.398096 0.601904 
0.572575 0.427425 
0.393942 0.606058 
0.136712 0.464542 0.398747 
0.358509 0.272096 0.369395 
---
